    2016     250     -60       1
    2016     250     -60       2
    2016     250     -60       3
    2016     250     -60       4
    2016     250     -60       5
    2016     250     -60       6
    2016     250     -60       7
    2016     250     -60       8
    2016     250     -60       9
    2016     250     -60      10
    2016     250     -60      11
    2016     250     -60      12
    2016     250     -60      13
    2016     250     -60      14
    2016     250     -60      15
    2016     250     -60      16
    2016     250     -60      17
    2016     250     -60      18
    2016     250     -60      19
    2016     250     -60      20
    2016     250     -60      21
    2016     250     -60      22
    2016     250     -60      23
    2016     250     -60      24
    2016     250     -60      25
    2016     250     -60      26
    2016     250     -60      27
    2016     250     -60      28
    2016     250     -60      29
    2016     250     -60      30
    2016     250     -60      31
    2016     250     -60      32
    2016     250     -60      33
    2016     250     -60      34
    2016     250     -60      35
    2016     250     -60      36
    2016     250     -60      37
    2016     250     -60      38
    2016     250     -60      39
    2016     250     -60      40
    2016     250     -60      41
    2016     250     -60      42
    2016     250     -60      43
    2016     250     -60      44
    2016     250     -60      45
    2016     250     -60      46
    2016     250     -60      47
    2016     250     -60      48
    2016     250     -60      49
    2016     250     -60      50
    2016     250     -60      51
    2016     250     -60      52
    2016     250     -60      53
    2016     250     -60      54
    2016     250     -60      55
    2016     250     -60      56
    2016     250     -60      57
    2016     250     -60      58
    2016     250     -60      59
    2016     250     -60      60
    2016     250     -60      61
    2016     250     -60      62
    2016     250     -60      63
    2016     250     -60      64
    2016     250     -60      65
    2016     250     -60      66
    2016     250     -60      67
    2016     250     -60      68
    2016     250     -60      69
    2016     250     -60      70
    2016     250     -60      71
    2016     250     -60      72
    2016     250     -60      73
    2016     250     -60      74
    2016     250     -60      75
    2016     250     -60      76
    2016     250     -60      77
    2016     250     -60      78
    2016     250     -60      79
    2016     250     -60      80
    2016     250     -60      81
    2016     250     -60      82
    2016     250     -60      83
    2016     250     -60      84
    2016     250     -60      85
    2016     250     -60      86
    2016     250     -60      87
    2016     250     -60      88
    2016     250     -60      89
    2016     250     -60      90
    2016     250     -60      91
    2016     250     -60      92
    2016     250     -60      93
    2016     250     -60      94
    2016     250     -60      95
    2016     250     -60      96
    2016     250     -60      97
    2016     250     -60      98
    2016     250     -60      99
    2016     250     -60     100
    2016     250     -60     101
    2016     250     -60     102
    2016     250     -60     103
    2016     250     -60     104
    2016     250     -60     105
    2016     250     -60     106
    2016     250     -60     107
    2016     250     -60     108
    2016     250     -60     109
    2016     250     -60     110
    2016     250     -60     111
    2016     250     -60     112
    2016     250     -60     113
    2016     250     -60     114
    2016     250     -60     115
    2016     250     -60     116
    2016     250     -60     117
    2016     250     -60     118
    2016     250     -60     119
    2016     250     -60     120
    2016     250     -60     121
    2016     250     -60     122
    2016     250     -60     123
    2016     250     -60     124
    2016     250     -60     125
    2016     250     -60     126
    2016     250     -60     127
    2016     250     -60     128
    2016     250     -60     129
    2016     250     -60     130
    2016     250     -60     131
    2016     250     -60     132
    2016     250     -60     133
    2016     250     -60     134
    2016     250     -60     135
    2016     250     -60     136
    2016     250     -60     137
    2016     250     -60     138
    2016     250     -60     139
    2016     250     -60     140
    2016     250     -60     141
    2016     250     -60     142
    2016     250     -60     143
    2016     250     -60     144
    2016     250     -60     145
    2016     250     -60     146
    2016     250     -60     147
    2016     250     -60     148
    2016     250     -60     149
    2016     250     -60     150
    2016     250     -60     151
    2016     250     -60     152
    2016     250     -60     153
    2016     250     -60     154
    2016     250     -60     155
    2016     250     -60     156
    2016     250     -60     157
    2016     250     -60     158
    2016     250     -60     159
    2016     250     -60     160
    2016     250     -60     161
    2016     250     -60     162
    2016     250     -60     163
    2016     250     -60     164
    2016     250     -60     165
    2016     250     -60     166
    2016     250     -60     167
    2016     250     -60     168
    2016     250     -60     169
    2016     250     -60     170
    2016     250     -60     171
    2016     250     -60     172
    2016     250     -60     173
    2016     250     -60     174
    2016     250     -60     175
    2016     250     -60     176
    2016     250     -60     177
    2016     250     -60     178
    2016     250     -60     179
    2016     250     -60     180
    2016     250     -60    -180
    2016     250     -60    -179
    2016     250     -60    -178
    2016     250     -60    -177
    2016     250     -60    -176
    2016     250     -60    -175
    2016     250     -60    -174
    2016     250     -60    -173
    2016     250     -60    -172
    2016     250     -60    -171
    2016     250     -60    -170
    2016     250     -60    -169
    2016     250     -60    -168
    2016     250     -60    -167
    2016     250     -60    -166
    2016     250     -60    -165
    2016     250     -60    -164
    2016     250     -60    -163
    2016     250     -60    -162
    2016     250     -60    -161
    2016     250     -60    -160
    2016     250     -60    -159
    2016     250     -60    -158
    2016     250     -60    -157
    2016     250     -60    -156
    2016     250     -60    -155
    2016     250     -60    -154
    2016     250     -60    -153
    2016     250     -60    -152
    2016     250     -60    -151
    2016     250     -60    -150
    2016     250     -60    -149
    2016     250     -60    -148
    2016     250     -60    -147
    2016     250     -60    -146
    2016     250     -60    -145
    2016     250     -60    -144
    2016     250     -60    -143
    2016     250     -60    -142
    2016     250     -60    -141
    2016     250     -60    -140
    2016     250     -60    -139
    2016     250     -60    -138
    2016     250     -60    -137
    2016     250     -60    -136
    2016     250     -60    -135
    2016     250     -60    -134
    2016     250     -60    -133
    2016     250     -60    -132
    2016     250     -60    -131
    2016     250     -60    -130
    2016     250     -60    -129
    2016     250     -60    -128
    2016     250     -60    -127
    2016     250     -60    -126
    2016     250     -60    -125
    2016     250     -60    -124
    2016     250     -60    -123
    2016     250     -60    -122
    2016     250     -60    -121
    2016     250     -60    -120
    2016     250     -60    -119
    2016     250     -60    -118
    2016     250     -60    -117
    2016     250     -60    -116
    2016     250     -60    -115
    2016     250     -60    -114
    2016     250     -60    -113
    2016     250     -60    -112
    2016     250     -60    -111
    2016     250     -60    -110
    2016     250     -60    -109
    2016     250     -60    -108
    2016     250     -60    -107
    2016     250     -60    -106
    2016     250     -60    -105
    2016     250     -60    -104
    2016     250     -60    -103
    2016     250     -60    -102
    2016     250     -60    -101
    2016     250     -60    -100
    2016     250     -60     -99
    2016     250     -60     -98
    2016     250     -60     -97
    2016     250     -60     -96
    2016     250     -60     -95
    2016     250     -60     -94
    2016     250     -60     -93
    2016     250     -60     -92
    2016     250     -60     -91
    2016     250     -60     -90
    2016     250     -60     -89
    2016     250     -60     -88
    2016     250     -60     -87
    2016     250     -60     -86
    2016     250     -60     -85
    2016     250     -60     -84
    2016     250     -60     -83
    2016     250     -60     -82
    2016     250     -60     -81
    2016     250     -60     -80
    2016     250     -60     -79
    2016     250     -60     -78
    2016     250     -60     -77
    2016     250     -60     -76
    2016     250     -60     -75
    2016     250     -60     -74
    2016     250     -60     -73
    2016     250     -60     -72
    2016     250     -60     -71
    2016     250     -60     -70
    2016     250     -60     -69
    2016     250     -60     -68
    2016     250     -60     -67
    2016     250     -60     -66
    2016     250     -60     -65
    2016     250     -60     -64
    2016     250     -60     -63
    2016     250     -60     -62
    2016     250     -60     -61
    2016     250     -60     -60
    2016     250     -60     -59
    2016     250     -60     -58
    2016     250     -60     -57
    2016     250     -60     -56
    2016     250     -60     -55
    2016     250     -60     -54
    2016     250     -60     -53
    2016     250     -60     -52
    2016     250     -60     -51
    2016     250     -60     -50
    2016     250     -60     -49
    2016     250     -60     -48
    2016     250     -60     -47
    2016     250     -60     -46
    2016     250     -60     -45
    2016     250     -60     -44
    2016     250     -60     -43
    2016     250     -60     -42
    2016     250     -60     -41
    2016     250     -60     -40
    2016     250     -60     -39
    2016     250     -60     -38
    2016     250     -60     -37
    2016     250     -60     -36
    2016     250     -60     -35
    2016     250     -60     -34
    2016     250     -60     -33
    2016     250     -60     -32
    2016     250     -60     -31
    2016     250     -60     -30
    2016     250     -60     -29
    2016     250     -60     -28
    2016     250     -60     -27
    2016     250     -60     -26
    2016     250     -60     -25
    2016     250     -60     -24
    2016     250     -60     -23
    2016     250     -60     -22
    2016     250     -60     -21
    2016     250     -60     -20
    2016     250     -60     -19
    2016     250     -60     -18
    2016     250     -60     -17
    2016     250     -60     -16
    2016     250     -60     -15
    2016     250     -60     -14
    2016     250     -60     -13
    2016     250     -60     -12
    2016     250     -60     -11
    2016     250     -60     -10
    2016     250     -60      -9
    2016     250     -60      -8
    2016     250     -60      -7
    2016     250     -60      -6
    2016     250     -60      -5
    2016     250     -60      -4
    2016     250     -60      -3
    2016     250     -60      -2
    2016     250     -60      -1
