ISS (ZARYA)             
1 25544U 98067A   17095.83618703  .00006824  00000-0  11062-3 0  9991
2 25544  51.6440  38.9341 0006588  27.9530  67.9163 15.54025161 50505
TIANGONG 1              
1 37820U 11053A   16337.01997520  .00022330  00000-0  18459-3 0  9993
2 37820  42.7623 318.9291 0015406 131.0961 103.6050 15.69674845296890
SPINSAT                 
1 40314U 98067FL  16336.87004419  .00061727  12668-4  17991-3 0  9994
2 40314  51.6292 223.0228 0001519  76.4659 283.6517 15.93184380166693
S-CUBE                  
1 40898U 98067GY  16327.94818764  .15969025  12639-4  21794-3 0  9993
2 40898  51.6016 285.5559 0001679 237.6761 122.8324 16.49146841 67957
AGGIESAT 4              
1 41313U 98067HP  16336.17618364  .00016818  00000-0  16975-3 0  9992
2 41313  51.6395 292.6076 0005005 104.6639 255.4912 15.65476157 47831
BEVO 2                  
1 41314U 98067HQ  16336.30919199  .00038582  00000-0  28316-3 0  9992
2 41314  51.6324 285.0416 0005002 103.4110 256.7446 15.72720351 47748
MINXSS                  
1 41474U 98067HU  16337.10118950  .00048445  00000-0  40369-3 0  9995
2 41474  51.6435 290.5767 0004172  79.1612 280.9855 15.69586434 31183
CADRE                   
1 41475U 98067HV  16336.36237303  .00227160  00000-0  87516-3 0  9995
2 41475  51.6336 287.7654 0007307 106.0069 254.1741 15.86106481 31159
STMSAT-1                
1 41476U 98067HW  16337.19885630  .00045144  00000-0  36367-3 0  9998
2 41476  51.6377 289.6790 0004441  77.5478 282.6017 15.70432575 31116
NODES 2                 
1 41477U 98067HX  16336.41547211  .00027305  00000-0  27540-3 0  9995
2 41477  51.6379 296.4521 0003680  61.8638 298.2729 15.65152958 30957
NODES 1                 
1 41478U 98067HY  16337.12558689  .00024596  00000-0  24956-3 0  9993
2 41478  51.6378 292.9436 0003604  65.6041 294.5330 15.65066951 31066
FLOCK 2E'-1             
1 41479U 98067HZ  16336.99291259  .00016304  00000-0  19056-3 0  9998
2 41479  51.6402 295.5746 0001149 203.7640 268.1849 15.61744919 30974
FLOCK 2E'-3             
1 41480U 98067JA  16336.89209875  .00016916  00000-0  19542-3 0  9991
2 41480  51.6423 295.8406 0000878 345.5922  42.6514 15.62015396 30965
FLOCK 2E'-2             
1 41481U 98067JB  16336.48104260  .00017035  00000-0  19441-3 0  9990
2 41481  51.6415 297.4478 0001195 178.0269 274.3364 15.62326084 30887
FLOCK 2E'-4             
1 41482U 98067JC  16336.94959245  .00019685  00000-0  22177-3 0  9996
2 41482  51.6408 295.4371 0000803  51.4800 349.3521 15.62547065 30950
FLOCK 2E-1              
1 41483U 98067JD  16336.91174363  .00015443  00000-0  18136-3 0  9992
2 41483  51.6426 295.9686 0002109  26.3854   7.9724 15.61667192 30816
FLOCK 2E-2              
1 41484U 98067JE  16336.90651138  .00016311  00000-0  19057-3 0  9990
2 41484  51.6425 295.8038 0002358  37.7204  61.0698 15.61753107 30810
LEMUR-2-THERESACONDOR   
1 41485U 98067JF  16336.93654909  .00052825  00000-0  40022-3 0  9999
2 41485  51.6417 290.7069 0004728  98.2022   5.7431 15.71829208 30843
FLOCK 2E-3              
1 41486U 98067JG  16336.45837073  .00015525  00000-0  18705-3 0  9991
2 41486  51.6420 298.8255 0003917  55.0248  31.8132 15.60990351 30769
FLOCK 2E-4              
1 41487U 98067JH  16336.99506021  .00015434  00000-0  18259-3 0  9990
2 41487  51.6418 295.6041 0003356  65.7818  42.8695 15.61475689 30852
LEMUR-2-NICK-ALLAIN     
1 41488U 98067JJ  16336.90389697  .00048548  00000-0  37979-3 0  9992
2 41488  51.6407 291.2541 0004365  92.3051   6.0681 15.71104386 30833
LEMUR-2-KANE            
1 41489U 98067JK  16336.92955003  .00078371  00000-0  59775-3 0  9990
2 41489  51.6407 290.7995 0003546  88.1543 311.8947 15.71514990 30096
LEMUR-2-JEFF            
1 41490U 98067JL  16337.02288881  .00062277  00000-0  44502-3 0  9997
2 41490  51.6395 289.8182 0005031  84.0090 359.2564 15.73139105 30863
FLOCK 2E-6              
1 41563U 98067JM  16335.75954102  .00013709  00000-0  16756-3 0  9998
2 41563  51.6413 302.4450 0001579 182.5779 241.2109 15.60733534 28714
FLOCK 2E-5              
1 41564U 98067JN  16336.98355821  .00014559  00000-0  17672-3 0  9990
2 41564  51.6418 296.2752 0001076 203.3394 268.6601 15.60856731 28896
FLOCK 2E-7              
1 41565U 98067JP  16336.91905661  .00018883  00000-0  21707-3 0  9995
2 41565  51.6413 295.8581 0004697  92.8377   7.6098 15.62050009 28797
FLOCK 2E-8              
1 41566U 98067JQ  16336.88546149  .00026764  00000-0  25631-3 0  9991
2 41566  51.6401 294.2776 0005576  81.0822 306.6109 15.66457204 28805
FLOCK 2E'-5             
1 41567U 98067JR  16336.95479567  .00013625  00000-0  16857-3 0  9991
2 41567  51.6422 296.8451 0004767 109.9096 355.1311 15.60415571 28754
FLOCK 2E'-6             
1 41568U 98067JS  16336.95406905  .00015045  00000-0  18012-3 0  9991
2 41568  51.6411 296.2400 0004739 111.9792 277.8778 15.61182806 28790
FLOCK 2E'-8             
1 41569U 98067JT  16336.90692200  .00017996  00000-0  20694-3 0  9998
2 41569  51.6407 295.7843 0001671  47.6635  51.7832 15.62085826 28676
FLOCK 2E'-7             
1 41570U 98067JU  16336.94842554  .00019153  00000-0  21081-3 0  9991
2 41570  51.6425 295.3169 0002680  46.6826  57.0646 15.63167741 28701
FLOCK 2E-9              
1 41571U 98067JV  16336.95038552  .00021002  00000-0  23573-3 0  9992
2 41571  51.6428 295.4464 0004461 111.7787 289.1074 15.62590076 28661
FLOCK 2E-10             
1 41572U 98067JW  16336.91334405  .00016493  00000-0  19223-3 0  9990
2 41572  51.6425 295.9698 0004907  99.1772 294.7742 15.61800225 28653
FLOCK 2E-12             
1 41573U 98067JX  16336.98822368  .00017206  00000-0  19952-3 0  9990
2 41573  51.6406 295.5511 0004387 108.0951   4.3121 15.61899687 28661
FLOCK 2E-11             
1 41574U 98067JY  16336.94134767  .00017583  00000-0  20044-3 0  9998
2 41574  51.6412 295.3759 0004920 111.6490 288.5383 15.62322914 28663
FLOCK 2E'-9             
1 41575U 98067JZ  16336.43832472  .00021664  00000-0  24440-3 0  9990
2 41575  51.6423 297.9194 0004774 123.5187 319.6044 15.62435492 28575
FLOCK 2E'-10            
1 41576U 98067KA  16336.91365766  .00017499  00000-0  20103-3 0  9994
2 41576  51.6417 295.9751 0004964 124.4809 269.5431 15.62125570 28541
FLOCK 2E'-11            
1 41577U 98067KB  16336.90848928  .00017204  00000-0  19884-3 0  9998
2 41577  51.6432 295.9455 0005220 105.5737 287.0736 15.61981711 28365
FLOCK 2E'-12            
1 41578U 98067KC  16336.94157956  .00018515  00000-0  21364-3 0  9999
2 41578  51.6420 296.0002 0005409 100.3019   3.3240 15.61962924 28362
PROGRESS-MS 03          
1 41670U 16045A   16335.42576391  .00002753  00000-0  49459-4 0  9991
2 41670  51.6438 309.0805 0006037 273.2788 222.7711 15.53760288 30847
FLOCK 2E'-13            
1 41761U 98067KH  16336.93308987  .00010747  00000-0  15501-3 0  9999
2 41761  51.6459 300.6138 0006836 240.7048 154.8530 15.56554598 12147
FLOCK 2E'-14            
1 41762U 98067KJ  16336.94318194  .00010811  00000-0  15560-3 0  9999
2 41762  51.6438 300.5351 0006840 244.6326 220.9055 15.56603736 12144
FLOCK 2E'-16            
1 41763U 98067KK  16336.94804398  .00012451  00000-0  17792-3 0  9997
2 41763  51.6431 300.5603 0006111 251.3438 215.1644 15.56639992 12107
FLOCK 2E'-15            
1 41764U 98067KL  16336.94865053  .00010744  00000-0  15505-3 0  9996
2 41764  51.6437 300.5664 0006380 254.1039 212.5369 15.56541000 12104
TIANGONG-2              
1 41765U 16057A   16337.01706019  .00009762  00000-0  10554-3 0  9998
2 41765  42.7843  93.6402 0008859 290.8806  45.4959 15.63724247 12123
FLOCK 2E'-18            
1 41769U 98067KM  16336.94348257  .00010537  00000-0  15170-3 0  9991
2 41769  51.6440 300.5335 0005257 268.1973 197.3886 15.56638356 12107
FLOCK 2E'-17            
1 41776U 98067KN  16336.92899125  .00010892  00000-0  15643-3 0  9991
2 41776  51.6444 300.5880 0005408 271.6686 122.8396 15.56659683 12095
FLOCK 2E'-19            
1 41777U 98067KP  16336.91375586  .00013049  00000-0  18209-3 0  9999
2 41777  51.6454 300.4889 0004816 264.4063 127.0776 15.57240467 12058
FLOCK 2E'-20            
1 41782U 98067KQ  16337.10630154  .00024438  00000-0  32970-3 0  9997
2 41782  51.6403 299.5938 0005228 270.3168  89.7743 15.57121671 11952
CYGNUS OA-5             
1 41818U 16062A   16332.67919632  .00016180  00000-0  71021-3 0  9995
2 41818  51.6421 323.2647 0006126 288.7059  71.3314 15.22062140  6338
SOYUZ-MS 02             
1 41820U 16063A   16335.42576391  .00002753  00000-0  49459-4 0  9998
2 41820  51.6438 309.0805 0006037 273.2788 222.7711 15.53760288 30844
BANXING-2               
1 41834U 16057H   16336.78820926  .00011009  00000-0  11847-3 0  9995
2 41834  42.7843  95.0106 0008567 291.1807 194.9929 15.63725580  6163
SOYUZ-MS 03             
1 41864U 16070A   16335.42576391  .00002753  00000-0  49459-4 0  9994
2 41864  51.6438 309.0805 0006037 273.2788 222.7711 15.53760288 30842